1000 1000
3276 9384 31966 2892 30595 5704 20970 20646 4926 21503 26958 3872 26395 21186 1338 23802 23026 8535 28525 15049 4234 7610 26884 5127 31756 6592 19599 10446 11447 13050 5738 17633 15574 25052 18251 26604 26607 1054 21783 17165 8766 26211 7674 12178 17505 4377 4534 773 8021 23712 1339 25702 3233 4270 25721 1719 20177 4850 13938 27838 22054 26871 10131 6662 15756 4428 3652 21799 5068 30690 7614 24391 17667 2485 15132 17633 14419 11182 10421 11205 30168 6344 31658 16992 26846 27507 4027 13374 4689 22070 27999 18381 16244 20375 22035 2404 6358 13631 27378 10115 7555 10842 8582 25693 24183 13629 31454 16531 3672 24651 12512 17219 14692 25113 19937 833 14760 4304 25203 21924 15218 9427 19838 17797 26122 3746 19091 14595 31901 25599 14972 26506 2938 10319 23064 1366 30081 29762 23398 18482 30167 16566 5343 10630 27103 22745 15113 2448 30566 14222 22601 6130 25374 21523 30456 9581 11086 8672 12730 17132 15047 18386 7691 20932 18458 21128 17691 26938 13576 26126 7900 13638 570 12984 17241 12950 11059 12625 17993 27606 32386 27253 28900 7215 17980 19772 19957 23309 21673 22809 15409 13606 18750 7937 31431 22200 8651 24015 25656 11025 27638 15847 19305 5461 10984 28697 12023 9852 17734 13257 14026 29850 3939 2125 12269 30563 17844 3479 31388 3566 2948 22548 7839 4537 16872 15315 31191 6894 19190 21226 15639 23012 3378 17174 11061 10729 19273 1697 20064 16703 9218 15497 6067 8804 20081 17374 7435 12950 26222 9836 26902 6551 23877 5786 4525 20142 25263 1170 2148 30446 23041 3746 22879 30906 12196 20706 19559 26761 8901 22552 7228 13031 22349 15320 14381 10173 17428 9200 17383 19153 20817 15619 18827 3472 15190 24691 20995 22028 3450 29572 22421 30529 18774 16831 18104 32412 3636 22165 295 31422 21700 6725 5941 8061 4881 13824 11104 27435 23732 842 13352 12571 21319 2723 4130 11618 31517 21863 8264 1499 18480 5875 23699 23662 30555 28937 5836 22161 1994 22390 24479 15886 26798 22257 16881 7943 12085 17223 18547 1848 26809 4277 375 19069 23864 23701 29955 28820 22020 26942 16676 12323 15547 4389 20613 6909 9850 30024 24384 24481 8014 27340 16884 17412 18923 27620 8984 15760 10145 4086 10895 19052 7307 20217 17276 28670 1034 5154 29783 686 26993 25535 32065 6893 14594 6243 12436 23414 32026 31555 14783 27860 31656 15328 18001 21029 18403 2790 17747 31517 7229 23636 12507 14158 4242 5342 5598 28326 166 9872 20038 17209 14030 24755 8516 64 12013 30452 15848 31330 1442 963 17391 17715 26560 2554 20188 25083 5631 14783 14154 19384 20721 31915 32384 1126 16695 3372 6214 1917 12276 7463 1783 17852 9090 20450 32216 3621 13412 2850 32168 2121 11900 25488 8056 9157 21118 10337 445 8461 19365 21046 2980 5992 11685 22849 31397 7228 3808 13994 28251 28556 4828 5425 26259 20927 30965 29972 26531 26275 847 18227 14589 18865 18959 17266 29187 14227 20171 32351 18717 28899 25662 533 22793 14902 15937 28256 20595 7513 15863 25633 16326 20442 20039 16372 31041 25290 25743 26641 14157 8130 31126 12656 32014 14116 3779 8241 25912 9123 5005 1850 21284 26374 16179 19234 14883 1064 12973 19534 28434 23108 30434 15449 14382 17775 11035 25273 3882 10342 30648 5280 18815 17290 6434 25633 6916 32041 5888 19092 9918 32511 31662 21051 4601 19709 8170 806 19863 14665 24273 5971 2473 22917 17931 14874 1852 24916 5698 22216 15477 1562 10200 14987 32481 20484 2009 3470 10246 31817 24878 26468 26686 21679 1556 682 15301 8272 11725 21480 13840 4510 14997 1977 5984 21925 7128 11308 24728 10384 8354 2409 22859 4975 20055 28056 15386 14135 4004 28670 32061 18698 20405 28521 24415 9145 21929 20431 19119 4744 29763 15154 6708 14641 25058 27078 21344 15659 19635 13654 31721 5163 32549 31716 468 7148 10397 5520 27091 24364 7788 25019 14288 11255 10494 12139 17866 24359 12627 1265 31968 2348 25267 2762 9387 20489 5278 7620 15569 12959 4355 19553 5335 4398 2738 17280 5687 7961 22546 28218 29875 8681 17943 19723 14568 8597 5999 18482 22822 28161 1020 346 21631 7620 19591 26745 1054 27182 14003 6137 5851 3210 1327 15382 27404 160 16432 2439 15005 20606 25119 1888 19811 19832 15502 12343 9645 23150 10609 11909 23324 11085 23691 14416 6069 7640 26918 19975 27445 4009 20487 24750 
26788 21874 10657 9018 16941 14217 16521 2879 22317 6052 12330 17608 26762 9185 23482 7558 26438 15113 20845 11054 4436 26133 28136 12572 20650 2801 21496 2364 4247 15489 3204 5162 32087 19426 25280 29848 25061 32498 20644 6641 6160 4114 3997 24123 16081 23338 8578 15170 10972 23534 26057 23283 17781 24928 3835 1798 19845 6806 3173 15328 12013 24766 15377 25271 25626 25183 30964 30455 5593 5090 22889 6884 28013 2384 12766 24449 19680 7517 12237 17329 24982 2470 8431 11933 17704 21559 15020 26965 8303 13904 30165 23482 1246 24681 21141 4251 28693 16243 6309 17694 11700 10081 26560 1890 2925 1767 11351 10338 4958 2177 19589 1309 16541 17592 8517 27380 25108 27041 4067 6995 8079 31654 22448 12947 21779 5000 26618 30239 14450 15781 21051 19926 32028 24183 11409 27825 27192 16478 30830 27814 5875 11935 24977 25036 16664 16812 26933 10431 29154 16550 20872 29766 25870 15392 23902 24115 26163 17958 14375 32651 6230 27517 6686 21479 23481 21037 31940 27674 17909 8509 29581 13332 24648 5566 31961 20487 8240 26891 24357 21704 20025 27726 26243 24439 20243 32070 5703 20578 743 14408 8964 11559 12011 2948 18615 28185 9525 3978 20801 15077 7885 18701 24347 23158 31749 14310 20549 23061 24333 22363 19839 12245 21698 29602 22972 23598 32711 30881 30164 20200 31191 7672 11385 4922 24409 5185 6764 1844 14645 6038 18160 8794 14567 2900 24704 3986 31442 799 12733 7744 17110 23847 25258 20143 26404 20905 23067 32179 23889 7096 21355 29580 7594 7997 31854 23054 20680 12349 12198 24063 31588 24410 7866 32705 7276 28573 291 22320 29013 22898 6953 20174 21684 32500 12558 6686 27400 30059 986
470
571
68
255
288
674
561
268
850
256
871
279
348
352
446
750
506
508
654
887
331
778
327
866
809
39
29
52
202
967
882
165
646
955
924
132
931
100
696
273
861
439
495
731
545
498
961
324
84
398
463
793
760
301
573
574
759
566
447
114
219
174
651
959
236
881
104
861
315
338
437
966
760
943
510
349
399
609
930
83
376
722
328
682
15
712
212
166
489
297
852
953
1000
583
575
6
656
294
592
912
755
411
512
892
802
656
282
523
462
989
795
741
742
665
890
291
313
626
820
643
350
673
346
145
618
313
23
324
674
849
685
823
834
296
808
345
901
801
957
711
21
39
852
688
894
283
867
722
302
451
133
291
512
773
884
562
577
973
290
447
410
307
990
961
567
297
373
998
783
315
991
968
566
879
163
302
359
343
757
144
670
853
48
544
797
86
191
677
117
730
136
593
871
371
659
61
11
741
487
580
369
237
150
718
391
188
650
174
626
950
600
325
840
53
156
584
918
508
309
792
517
9
946
961
186
850
925
157
190
444
55
729
859
784
516
913
457
135
464
111
695
615
51
330
438
998
977
509
402
806
589
580
258
258
103
199
603
728
795
648
400
15
444
303
645
579
944
104
763
679
150
835
294
795
238
357
894
190
728
701
667
157
927
10
93
180
847
171
954
860
821
998
137
854
718
373
934
583
139
981
815
805
715
585
663
281
905
440
73
157
16
922
15
376
300
648
507
40
650
957
727
279
635
503
168
848
797
226
824
468
811
759
83
521
559
281
2
810
573
905
111
684
145
451
104
456
923
664
959
821
145
549
761
888
950
595
766
446
370
832
297
545
755
255
544
858
546
59
790
990
841
682
879
347
883
16
940
28
164
521
408
604
659
995
249
768
717
234
403
584
517
910
922
999
72
651
142
872
469
271
700
836
317
834
523
977
623
793
420
597
864
818
85
188
913
951
271
638
737
981
823
757
708
860
154
421
644
660
325
876
511
486
988
772
225
184
849
199
220
173
791
843
942
221
423
166
858
129
795
859
352
762
738
181
417
66
35
580
198
898
813
974
321
718
494
863
798
694
10
124
459
998
423
317
398
457
126
385
70
617
837
199
220
34
667
169
507
128
259
347
702
742
293
61
705
432
249
813
580
387
54
193
51
860
570
516
8
622
866
486
357
256
836
297
541
390
259
753
3
326
876
771
509
470
422
754
937
845
103
734
193
887
605
566
100
29
841
39
861
644
819
133
152
868
354
737
57
484
274
988
159
156
52
540
210
428
128
228
681
619
22
376
807
418
718
962
710
994
196
663
356
515
664
13
886
190
533
976
362
574
136
491
857
866
307
749
245
254
611
684
295
332
95
670
597
732
954
357
610
691
483
35
670
827
819
71
847
711
638
342
56
978
541
365
441
617
819
366
63
494
735
346
69
78
66
646
123
717
145
753
223
40
669
212
826
540
666
274
556
598
356
874
585
618
921
507
950
783
578
304
727
986
403
925
219
403
958
281
954
93
323
939
901
642
308
425
392
374
94
151
692
2
657
949
639
13
443
69
280
262
234
579
541
404
793
230
887
297
525
654
201
413
560
965
461
615
374
779
712
953
30
949
863
525
931
887
521
978
780
762
863
556
785
150
658
19
743
252
147
970
29
21
825
291
360
135
574
225
892
18
443
198
68
477
605
214
923
647
312
467
340
19
220
995
584
546
773
935
902
79
767
845
695
48
24
944
34
313
680
486
309
293
88
395
838
335
151
869
265
293
171
959
267
599
334
513
406
311
894
88
653
289
673
26
27
36
152
957
95
618
308
96
427
933
391
666
709
74
661
201
405
602
266
838
208
983
117
104
309
20
805
14
582
248
491
137
721
396
497
440
791
426
753
502
396
369
713
425
785
343
685
676
215
686
614
16
317
978
945
135
539
961
139
313
543
812
4
482
288
14
265
643
410
442
167
831
490
210
421
458
674
509
9
205
150
136
541
5
944
881
819
725
929
831
535
185
130
398
693
45
130
346
370
108
672
322
167
429
867
703
963
147
951
269
808
381
556
113
617
685
482
11
435
980
199
430
482
430
437
446
196
562
765
561
108
749
568
817
64
855
40
737
332
174
698
38
954
314
359
720
794
233
523
481
183
915
885
501
242
144
296
651
387
217
834
931
781
541
363
632
330
117
640
376
63
586
265
793
248
261
143
934
263
191
931
659
617
530
714
893
393
560
509
966
994
178
561
671
7
60
985
30
597
207
653
787
540
263
437
533
417
998
78
139
64
400
305
704
752
