1
50 10
146 88 5
-750 880 7
478 296 6
852 40 6
838 -165 5
-555 966 6
215 640 4
-845 -595 3
195 338 4
259 -400 3
552 -848 7
872 0 9
-356 -852 6
460 954 9
735 776 9
-282 -197 10
600 -225 6
638 -250 6
650 -595 6
-59 608 7
725 -245 10
-488 -940 2
145 -297 2
-272 169 8
-104 350 2
69 -130 6
-871 -120 6
-380 994 3
-416 230 4
397 -588 9
-470 241 3
-238 -647 6
0 648 8
10 46 7
-452 -195 2
-880 -152 1
-880 219 6
-718 -954 8
-622 788 2
-250 -380 5
262 -610 10
956 946 8
-946 288 6
750 290 9
350 -180 7
212 -920 10
-954 -710 6
-828 850 7
-531 -544 5
948 -900 10
